Best Trial: 0
Best Value: -inf
Best Params:
  learning_rate: 0.000872122724293842
  n_steps: 512
  batch_size: 64
  gamma: 0.9217629562195514
  ent_coef: 0.04469047013099414
  clip_range: 0.3
