Best Trial: 0
Best Value: -inf
Best Params:
  learning_rate: 1.1213463484538739e-05
  n_steps: 2048
  batch_size: 64
  gamma: 0.9197078564274332
  ent_coef: 0.04925065102798873
  clip_range: 0.1
